,wavenumbers,absorbance
0,452.797478329393,0.02631578947368418
1,452.797478329393,0.019736842105263164
2,455.5949566587865,0.019736842105263164
3,458.3924349881795,0.019736842105263164
4,461.189913317573,0.019736842105263164
5,463.987391646966,0.019736842105263164
6,463.987391646966,0.02631578947368418
7,466.78486997635946,0.02631578947368418
8,469.5823483057525,0.02631578947368418
9,472.37982663514595,0.02631578947368418
10,472.37982663514595,0.019736842105263164
11,475.17730496453896,0.019736842105263164
12,477.97478329393243,0.02631578947368418
13,477.97478329393243,0.019736842105263164
14,480.77226162332545,0.03289473684210531
15,480.77226162332545,0.02631578947368418
16,483.56973995271846,0.03289473684210531
17,483.56973995271846,0.02631578947368418
18,486.36721828211193,0.02631578947368418
19,489.16469661150495,0.019736842105263164
20,489.16469661150495,0.02631578947368418
21,491.9621749408984,0.019736842105263164
22,494.75965327029144,0.019736842105263164
23,497.5571315996849,0.02631578947368418
24,497.5571315996849,0.019736842105263164
25,500.3546099290779,0.02631578947368418
26,503.1520882584714,0.02631578947368418
27,505.9495665878644,0.02631578947368418
28,508.7470449172579,0.02631578947368418
29,508.7470449172579,0.019736842105263164
30,511.5445232466509,0.019736842105263164
31,514.3420015760439,0.019736842105263164
32,517.1394799054374,0.019736842105263164
33,519.9369582348304,0.019736842105263164
34,522.7344365642239,0.019736842105263164
35,525.5319148936169,0.019736842105263164
36,528.3293932230104,0.019736842105263164
37,531.1268715524034,0.019736842105263164
38,533.9243498817968,0.019736842105263164
39,536.7218282111899,0.019736842105263164
40,539.5193065405833,0.019736842105263164
41,542.3167848699763,0.019736842105263164
42,545.1142631993694,0.019736842105263164
43,547.9117415287628,0.019736842105263164
44,550.7092198581558,0.019736842105263164
45,553.5066981875493,0.019736842105263164
46,556.3041765169423,0.019736842105263164
47,559.1016548463358,0.019736842105263164
48,561.8991331757288,0.019736842105263164
49,564.6966115051223,0.019736842105263164
50,567.4940898345153,0.019736842105263164
51,570.2915681639088,0.019736842105263164
52,573.0890464933018,0.019736842105263164
53,575.8865248226948,0.019736842105263164
54,578.6840031520883,0.019736842105263164
55,578.6840031520883,0.02631578947368418
56,581.4814814814813,0.02631578947368418
57,584.2789598108748,0.02631578947368418
58,587.0764381402678,0.02631578947368418
59,587.0764381402678,0.019736842105263164
60,589.8739164696613,0.019736842105263164
61,592.6713947990543,0.019736842105263164
62,595.4688731284477,0.019736842105263164
63,598.2663514578408,0.019736842105263164
64,601.0638297872342,0.019736842105263164
65,601.0638297872342,0.02631578947368418
66,603.8613081166272,0.02631578947368418
67,606.6587864460207,0.02631578947368418
68,609.4562647754137,0.02631578947368418
69,612.2537431048067,0.02631578947368418
70,615.0512214342002,0.02631578947368418
71,617.8486997635932,0.02631578947368418
72,620.6461780929867,0.02631578947368418
73,623.4436564223797,0.02631578947368418
74,626.2411347517732,0.02631578947368418
75,629.0386130811662,0.02631578947368418
76,631.8360914105597,0.02631578947368418
77,631.8360914105597,0.019736842105263164
78,634.6335697399527,0.019736842105263164
79,637.4310480693462,0.019736842105263164
80,640.2285263987392,0.019736842105263164
81,643.0260047281322,0.019736842105263164
82,645.8234830575257,0.019736842105263164
83,648.6209613869187,0.019736842105263164
84,651.4184397163122,0.019736842105263164
85,654.2159180457052,0.019736842105263164
86,657.0133963750986,0.019736842105263164
87,659.8108747044917,0.019736842105263164
88,662.6083530338851,0.019736842105263164
89,665.4058313632781,0.019736842105263164
90,668.2033096926716,0.019736842105263164
91,671.0007880220646,0.019736842105263164
92,673.7982663514576,0.019736842105263164
93,676.5957446808511,0.019736842105263164
94,679.3932230102441,0.019736842105263164
95,682.1907013396376,0.019736842105263164
96,684.9881796690306,0.019736842105263164
97,687.7856579984241,0.019736842105263164
98,690.5831363278171,0.019736842105263164
99,693.3806146572106,0.02631578947368418
100,693.3806146572106,0.019736842105263164
101,696.1780929866036,0.02631578947368418
102,698.9755713159971,0.02631578947368418
103,701.7730496453901,0.02631578947368418
104,704.5705279747831,0.02631578947368418
105,707.3680063041766,0.02631578947368418
106,710.1654846335696,0.02631578947368418
107,712.962962962963,0.02631578947368418
108,715.7604412923561,0.02631578947368418
109,718.5579196217495,0.02631578947368418
110,721.3553979511425,0.02631578947368418
111,721.3553979511425,0.03289473684210531
112,724.152876280536,0.03289473684210531
113,724.152876280536,0.03947368421052633
114,726.950354609929,0.03947368421052633
115,729.7478329393225,0.03947368421052633
116,729.7478329393225,0.046052631578947345
117,732.5453112687155,0.052631578947368474
118,732.5453112687155,0.046052631578947345
119,732.5453112687155,0.05921052631578949
120,735.3427895981085,0.05921052631578949
121,738.140267927502,0.05921052631578949
122,740.937746256895,0.05921052631578949
123,740.937746256895,0.06578947368421051
124,743.7352245862885,0.07894736842105265
125,743.7352245862885,0.07236842105263153
126,743.7352245862885,0.06578947368421051
127,746.5327029156815,0.07894736842105265
128,746.5327029156815,0.08552631578947367
129,749.330181245075,0.08552631578947367
130,752.127659574468,0.08552631578947367
131,754.9251379038615,0.07894736842105265
132,754.9251379038615,0.08552631578947367
133,757.7226162332545,0.07894736842105265
134,760.520094562648,0.07894736842105265
135,760.520094562648,0.07236842105263153
136,763.317572892041,0.07236842105263153
137,763.317572892041,0.06578947368421051
138,766.115051221434,0.06578947368421051
139,766.115051221434,0.05921052631578949
140,768.9125295508275,0.05921052631578949
141,768.9125295508275,0.052631578947368474
142,771.7100078802205,0.052631578947368474
143,771.7100078802205,0.046052631578947345
144,774.507486209614,0.046052631578947345
145,777.304964539007,0.046052631578947345
146,780.1024428684004,0.046052631578947345
147,782.8999211977934,0.046052631578947345
148,782.8999211977934,0.03947368421052633
149,785.6973995271869,0.046052631578947345
150,785.6973995271869,0.03947368421052633
151,788.4948778565799,0.046052631578947345
152,788.4948778565799,0.03947368421052633
153,791.2923561859734,0.046052631578947345
154,791.2923561859734,0.03947368421052633
155,794.0898345153664,0.046052631578947345
156,796.8873128447594,0.046052631578947345
157,799.6847911741529,0.052631578947368474
158,799.6847911741529,0.046052631578947345
159,802.4822695035459,0.052631578947368474
160,805.2797478329394,0.052631578947368474
161,805.2797478329394,0.05921052631578949
162,808.0772261623324,0.052631578947368474
163,808.0772261623324,0.05921052631578949
164,810.8747044917259,0.052631578947368474
165,813.6721828211189,0.052631578947368474
166,813.6721828211189,0.05921052631578949
167,816.4696611505124,0.05921052631578949
168,819.2671394799054,0.05921052631578949
169,822.0646178092989,0.05921052631578949
170,824.8620961386919,0.052631578947368474
171,824.8620961386919,0.05921052631578949
172,827.6595744680849,0.05921052631578949
173,827.6595744680849,0.052631578947368474
174,830.4570527974784,0.07894736842105265
175,830.4570527974784,0.06578947368421051
176,830.4570527974784,0.05921052631578949
177,830.4570527974784,0.07236842105263153
178,833.2545311268714,0.09210526315789469
179,833.2545311268714,0.08552631578947367
180,833.2545311268714,0.07894736842105265
181,836.0520094562648,0.09210526315789469
182,836.0520094562648,0.09868421052631582
183,836.0520094562648,0.10526315789473684
184,838.8494877856579,0.10526315789473684
185,841.6469661150513,0.09868421052631582
186,841.6469661150513,0.09210526315789469
187,841.6469661150513,0.10526315789473684
188,844.4444444444443,0.09210526315789469
189,844.4444444444443,0.08552631578947367
190,847.2419227738378,0.08552631578947367
191,847.2419227738378,0.07894736842105265
192,850.0394011032308,0.06578947368421051
193,850.0394011032308,0.07236842105263153
194,850.0394011032308,0.07894736842105265
195,852.8368794326243,0.06578947368421051
196,855.6343577620173,0.05921052631578949
197,855.6343577620173,0.06578947368421051
198,855.6343577620173,0.052631578947368474
199,858.4318360914103,0.052631578947368474
200,861.2293144208038,0.052631578947368474
201,864.0267927501968,0.046052631578947345
202,864.0267927501968,0.052631578947368474
203,866.8242710795903,0.046052631578947345
204,869.6217494089833,0.046052631578947345
205,872.4192277383768,0.046052631578947345
206,875.2167060677698,0.046052631578947345
207,875.2167060677698,0.03947368421052633
208,878.0141843971633,0.046052631578947345
209,878.0141843971633,0.03947368421052633
210,880.8116627265563,0.046052631578947345
211,880.8116627265563,0.03947368421052633
212,883.6091410559497,0.03947368421052633
213,886.4066193853428,0.03947368421052633
214,889.2040977147362,0.03947368421052633
215,889.2040977147362,0.046052631578947345
216,892.0015760441293,0.046052631578947345
217,894.7990543735223,0.046052631578947345
218,897.5965327029157,0.052631578947368474
219,897.5965327029157,0.046052631578947345
220,900.3940110323088,0.052631578947368474
221,903.1914893617022,0.052631578947368474
222,905.9889676910952,0.052631578947368474
223,908.7864460204887,0.052631578947368474
224,908.7864460204887,0.05921052631578949
225,911.5839243498817,0.05921052631578949
226,911.5839243498817,0.052631578947368474
227,914.3814026792752,0.052631578947368474
228,917.1788810086682,0.052631578947368474
229,917.1788810086682,0.05921052631578949
230,919.9763593380617,0.05921052631578949
231,919.9763593380617,0.06578947368421051
232,922.7738376674547,0.06578947368421051
233,922.7738376674547,0.07236842105263153
234,925.5713159968477,0.07236842105263153
235,925.5713159968477,0.07894736842105265
236,928.3687943262412,0.07894736842105265
237,931.1662726556342,0.09868421052631582
238,931.1662726556342,0.09210526315789469
239,931.1662726556342,0.08552631578947367
240,931.1662726556342,0.07894736842105265
241,933.9637509850277,0.10526315789473684
242,933.9637509850277,0.09868421052631582
243,936.7612293144207,0.10526315789473684
244,939.5587076438142,0.11184210526315785
245,939.5587076438142,0.10526315789473684
246,942.3561859732072,0.11184210526315785
247,942.3561859732072,0.10526315789473684
248,945.1536643026006,0.11184210526315785
249,945.1536643026006,0.10526315789473684
250,947.9511426319937,0.10526315789473684
251,947.9511426319937,0.11184210526315785
252,950.7486209613871,0.10526315789473684
253,950.7486209613871,0.11184210526315785
254,953.5460992907801,0.11184210526315785
255,953.5460992907801,0.11842105263157898
256,956.3435776201732,0.11842105263157898
257,959.1410559495666,0.11842105263157898
258,961.9385342789597,0.11184210526315785
259,961.9385342789597,0.11842105263157898
260,964.7360126083531,0.11184210526315785
261,964.7360126083531,0.10526315789473684
262,967.5334909377461,0.10526315789473684
263,967.5334909377461,0.09868421052631582
264,970.3309692671396,0.09868421052631582
265,973.1284475965326,0.09868421052631582
266,973.1284475965326,0.11184210526315785
267,973.1284475965326,0.10526315789473684
268,975.9259259259261,0.11842105263157898
269,975.9259259259261,0.11184210526315785
270,978.7234042553191,0.11842105263157898
271,978.7234042553191,0.125
272,978.7234042553191,0.13157894736842102
273,981.5208825847126,0.13157894736842102
274,981.5208825847126,0.13815789473684215
275,984.3183609141056,0.13815789473684215
276,987.1158392434986,0.13815789473684215
277,989.9133175728921,0.13815789473684215
278,992.7107959022851,0.13815789473684215
279,992.7107959022851,0.13157894736842102
280,992.7107959022851,0.125
281,992.7107959022851,0.11842105263157898
282,995.5082742316786,0.11842105263157898
283,995.5082742316786,0.11184210526315785
284,998.3057525610716,0.09868421052631582
285,998.3057525610716,0.10526315789473684
286,998.3057525610716,0.11184210526315785
287,998.3057525610716,0.09210526315789469
288,1001.103230890465,0.08552631578947367
289,1001.103230890465,0.09210526315789469
290,1003.9007092198581,0.08552631578947367
291,1006.6981875492515,0.08552631578947367
292,1009.4956658786446,0.08552631578947367
293,1009.4956658786446,0.09210526315789469
294,1012.293144208038,0.09210526315789469
295,1015.090622537431,0.09210526315789469
296,1015.090622537431,0.09868421052631582
297,1017.8881008668241,0.09868421052631582
298,1020.6855791962175,0.09868421052631582
299,1023.4830575256105,0.09868421052631582
300,1026.280535855004,0.09868421052631582
301,1029.078014184397,0.09210526315789469
302,1029.078014184397,0.09868421052631582
303,1031.8754925137905,0.09210526315789469
304,1034.6729708431835,0.08552631578947367
305,1034.6729708431835,0.09210526315789469
306,1037.470449172577,0.08552631578947367
307,1040.26792750197,0.08552631578947367
308,1043.0654058313635,0.08552631578947367
309,1045.8628841607565,0.09210526315789469
310,1045.8628841607565,0.08552631578947367
311,1048.6603624901495,0.09868421052631582
312,1048.6603624901495,0.10526315789473684
313,1048.6603624901495,0.09210526315789469
314,1051.457840819543,0.11184210526315785
315,1051.457840819543,0.10526315789473684
316,1054.255319148936,0.125
317,1054.255319148936,0.13815789473684215
318,1054.255319148936,0.11842105263157898
319,1054.255319148936,0.13157894736842102
320,1054.255319148936,0.11184210526315785
321,1057.0527974783295,0.14473684210526316
322,1057.0527974783295,0.13815789473684215
323,1059.8502758077225,0.14473684210526316
324,1059.8502758077225,0.1578947368421053
325,1059.8502758077225,0.15131578947368418
326,1062.647754137116,0.1578947368421053
327,1065.445232466509,0.1578947368421053
328,1065.445232466509,0.15131578947368418
329,1068.2427107959024,0.15131578947368418
330,1068.2427107959024,0.14473684210526316
331,1071.0401891252955,0.13815789473684215
332,1071.0401891252955,0.14473684210526316
333,1073.837667454689,0.13815789473684215
334,1076.635145784082,0.13815789473684215
335,1076.635145784082,0.13157894736842102
336,1079.432624113475,0.13157894736842102
337,1079.432624113475,0.14473684210526316
338,1079.432624113475,0.13815789473684215
339,1082.2301024428684,0.14473684210526316
340,1085.0275807722614,0.15131578947368418
341,1085.0275807722614,0.14473684210526316
342,1087.825059101655,0.1578947368421053
343,1087.825059101655,0.15131578947368418
344,1090.622537431048,0.1578947368421053
345,1090.622537431048,0.16447368421052633
346,1093.4200157604414,0.17105263157894735
347,1093.4200157604414,0.16447368421052633
348,1096.2174940898344,0.17763157894736847
349,1096.2174940898344,0.1907894736842105
350,1096.2174940898344,0.1842105263157895
351,1096.2174940898344,0.17105263157894735
352,1099.014972419228,0.19736842105263153
353,1099.014972419228,0.1907894736842105
354,1101.812450748621,0.21052631578947367
355,1101.812450748621,0.20394736842105265
356,1101.812450748621,0.19736842105263153
357,1104.6099290780144,0.2171052631578947
358,1104.6099290780144,0.22368421052631582
359,1104.6099290780144,0.23026315789473684
360,1104.6099290780144,0.23684210526315785
361,1104.6099290780144,0.21052631578947367
362,1107.4074074074074,0.23684210526315785
363,1107.4074074074074,0.24342105263157898
364,1107.4074074074074,0.25
365,1110.2048857368004,0.26973684210526316
366,1110.2048857368004,0.26315789473684215
367,1110.2048857368004,0.256578947368421
368,1110.2048857368004,0.25
369,1110.2048857368004,0.2763157894736842
370,1110.2048857368004,0.2828947368421053
371,1113.0023640661939,0.29605263157894735
372,1113.0023640661939,0.3026315789473685
373,1113.0023640661939,0.2828947368421053
374,1113.0023640661939,0.2894736842105263
375,1115.799842395587,0.3092105263157895
376,1115.799842395587,0.3026315789473685
377,1115.799842395587,0.3157894736842105
378,1118.5973207249804,0.32894736842105265
379,1118.5973207249804,0.3223684210526315
380,1118.5973207249804,0.3157894736842105
381,1121.3947990543734,0.35526315789473684
382,1121.3947990543734,0.3486842105263158
383,1121.3947990543734,0.3355263157894737
384,1121.3947990543734,0.3421052631578947
385,1121.3947990543734,0.32894736842105265
386,1124.1922773837669,0.35526315789473684
387,1124.1922773837669,0.36184210526315785
388,1124.1922773837669,0.368421052631579
389,1124.1922773837669,0.381578947368421
390,1124.1922773837669,0.375
391,1126.9897557131599,0.4013157894736842
392,1126.9897557131599,0.381578947368421
393,1126.9897557131599,0.39473684210526316
394,1126.9897557131599,0.38815789473684215
395,1129.7872340425533,0.4342105263157895
396,1129.7872340425533,0.4013157894736842
397,1129.7872340425533,0.4407894736842105
398,1129.7872340425533,0.42105263157894735
399,1129.7872340425533,0.4078947368421053
400,1129.7872340425533,0.4144736842105263
401,1129.7872340425533,0.4276315789473685
402,1132.5847123719464,0.4407894736842105
403,1132.5847123719464,0.45394736842105265
404,1132.5847123719464,0.4473684210526315
405,1132.5847123719464,0.4605263157894737
406,1132.5847123719464,0.4671052631578947
407,1135.3821907013398,0.48026315789473684
408,1135.3821907013398,0.4671052631578947
409,1135.3821907013398,0.5
410,1135.3821907013398,0.4736842105263158
411,1135.3821907013398,0.48684210526315785
412,1135.3821907013398,0.493421052631579
413,1138.1796690307328,0.506578947368421
414,1138.1796690307328,0.513157894736842
415,1138.1796690307328,0.5
416,1138.1796690307328,0.5197368421052632
417,1140.9771473601263,0.5328947368421053
418,1140.9771473601263,0.5394736842105263
419,1140.9771473601263,0.5263157894736843
420,1140.9771473601263,0.5197368421052632
421,1143.7746256895193,0.5394736842105263
422,1146.5721040189123,0.5394736842105263
423,1146.5721040189123,0.5328947368421053
424,1146.5721040189123,0.5263157894736843
425,1149.3695823483058,0.5328947368421053
426,1149.3695823483058,0.5263157894736843
427,1152.1670606776988,0.5328947368421053
428,1152.1670606776988,0.5394736842105263
429,1152.1670606776988,0.5460526315789473
430,1152.1670606776988,0.5526315789473684
431,1154.9645390070923,0.5592105263157895
432,1154.9645390070923,0.5526315789473684
433,1154.9645390070923,0.5657894736842105
434,1157.7620173364853,0.5657894736842105
435,1157.7620173364853,0.5723684210526316
436,1160.5594956658788,0.5789473684210527
437,1160.5594956658788,0.5723684210526316
438,1163.3569739952718,0.5855263157894737
439,1163.3569739952718,0.5789473684210527
440,1166.1544523246653,0.5855263157894737
441,1166.1544523246653,0.5789473684210527
442,1166.1544523246653,0.5723684210526316
443,1168.9519306540583,0.5657894736842105
444,1168.9519306540583,0.5723684210526316
445,1171.7494089834518,0.5394736842105263
446,1171.7494089834518,0.5592105263157895
447,1171.7494089834518,0.5526315789473684
448,1171.7494089834518,0.5657894736842105
449,1171.7494089834518,0.5460526315789473
450,1174.5468873128448,0.5328947368421053
451,1174.5468873128448,0.5197368421052632
452,1174.5468873128448,0.5394736842105263
453,1174.5468873128448,0.5263157894736843
454,1174.5468873128448,0.513157894736842
455,1177.3443656422378,0.48026315789473684
456,1177.3443656422378,0.4736842105263158
457,1177.3443656422378,0.506578947368421
458,1177.3443656422378,0.493421052631579
459,1177.3443656422378,0.513157894736842
460,1177.3443656422378,0.48684210526315785
461,1177.3443656422378,0.5
462,1180.1418439716313,0.4605263157894737
463,1180.1418439716313,0.4736842105263158
464,1180.1418439716313,0.4671052631578947
465,1182.9393223010243,0.45394736842105265
466,1182.9393223010243,0.4605263157894737
467,1182.9393223010243,0.4473684210526315
468,1185.7368006304177,0.4473684210526315
469,1185.7368006304177,0.42105263157894735
470,1185.7368006304177,0.4276315789473685
471,1185.7368006304177,0.4407894736842105
472,1185.7368006304177,0.4342105263157895
473,1188.5342789598108,0.4078947368421053
474,1188.5342789598108,0.42105263157894735
475,1188.5342789598108,0.4144736842105263
476,1191.3317572892042,0.368421052631579
477,1191.3317572892042,0.4078947368421053
478,1191.3317572892042,0.39473684210526316
479,1191.3317572892042,0.375
480,1191.3317572892042,0.36184210526315785
481,1191.3317572892042,0.381578947368421
482,1191.3317572892042,0.38815789473684215
483,1191.3317572892042,0.4013157894736842
484,1194.1292356185972,0.36184210526315785
485,1194.1292356185972,0.3421052631578947
486,1194.1292356185972,0.3486842105263158
487,1194.1292356185972,0.35526315789473684
488,1196.9267139479907,0.3355263157894737
489,1196.9267139479907,0.3157894736842105
490,1196.9267139479907,0.3223684210526315
491,1196.9267139479907,0.3421052631578947
492,1196.9267139479907,0.3092105263157895
493,1196.9267139479907,0.3026315789473685
494,1196.9267139479907,0.32894736842105265
495,1199.7241922773837,0.2894736842105263
496,1199.7241922773837,0.29605263157894735
497,1199.7241922773837,0.3026315789473685
498,1202.5216706067772,0.2828947368421053
499,1202.5216706067772,0.2894736842105263
500,1202.5216706067772,0.2763157894736842
501,1205.3191489361702,0.2763157894736842
502,1208.1166272655632,0.2828947368421053
503,1208.1166272655632,0.2763157894736842
504,1210.9141055949567,0.2828947368421053
505,1213.7115839243497,0.2828947368421053
506,1213.7115839243497,0.2894736842105263
507,1216.5090622537432,0.29605263157894735
508,1216.5090622537432,0.2894736842105263
509,1216.5090622537432,0.3026315789473685
510,1219.3065405831362,0.3026315789473685
511,1219.3065405831362,0.3092105263157895
512,1222.1040189125297,0.3157894736842105
513,1222.1040189125297,0.32894736842105265
514,1222.1040189125297,0.3223684210526315
515,1222.1040189125297,0.3092105263157895
516,1224.9014972419227,0.32894736842105265
517,1224.9014972419227,0.3355263157894737
518,1224.9014972419227,0.3421052631578947
519,1227.6989755713162,0.3421052631578947
520,1227.6989755713162,0.3486842105263158
521,1227.6989755713162,0.35526315789473684
522,1230.4964539007092,0.368421052631579
523,1230.4964539007092,0.35526315789473684
524,1230.4964539007092,0.36184210526315785
525,1233.2939322301027,0.368421052631579
526,1233.2939322301027,0.375
527,1236.0914105594957,0.375
528,1238.8888888888887,0.368421052631579
529,1238.8888888888887,0.36184210526315785
530,1238.8888888888887,0.375
531,1241.6863672182822,0.36184210526315785
532,1241.6863672182822,0.35526315789473684
533,1241.6863672182822,0.3486842105263158
534,1244.4838455476752,0.3355263157894737
535,1244.4838455476752,0.3421052631578947
536,1244.4838455476752,0.3486842105263158
537,1247.2813238770686,0.3157894736842105
538,1247.2813238770686,0.3223684210526315
539,1247.2813238770686,0.32894736842105265
540,1247.2813238770686,0.3355263157894737
541,1250.0788022064617,0.3092105263157895
542,1250.0788022064617,0.3157894736842105
543,1252.8762805358551,0.29605263157894735
544,1252.8762805358551,0.3026315789473685
545,1252.8762805358551,0.3092105263157895
546,1255.6737588652481,0.2894736842105263
547,1255.6737588652481,0.29605263157894735
548,1258.4712371946416,0.2828947368421053
549,1258.4712371946416,0.2894736842105263
550,1261.2687155240346,0.2828947368421053
551,1261.2687155240346,0.2763157894736842
552,1264.066193853428,0.26973684210526316
553,1264.066193853428,0.2763157894736842
554,1266.8636721828211,0.26973684210526316
555,1269.6611505122141,0.26315789473684215
556,1269.6611505122141,0.26973684210526316
557,1272.4586288416076,0.256578947368421
558,1272.4586288416076,0.25
559,1272.4586288416076,0.26315789473684215
560,1272.4586288416076,0.24342105263157898
561,1275.2561071710006,0.23026315789473684
562,1275.2561071710006,0.24342105263157898
563,1275.2561071710006,0.23684210526315785
564,1278.053585500394,0.23026315789473684
565,1278.053585500394,0.22368421052631582
566,1278.053585500394,0.2171052631578947
567,1280.851063829787,0.2171052631578947
568,1280.851063829787,0.21052631578947367
569,1283.6485421591806,0.21052631578947367
570,1283.6485421591806,0.19736842105263153
571,1283.6485421591806,0.20394736842105265
572,1286.4460204885736,0.19736842105263153
573,1289.243498817967,0.19736842105263153
574,1289.243498817967,0.1907894736842105
575,1289.243498817967,0.1842105263157895
576,1292.04097714736,0.1842105263157895
577,1294.8384554767536,0.1842105263157895
578,1294.8384554767536,0.17105263157894735
579,1294.8384554767536,0.17763157894736847
580,1297.6359338061466,0.16447368421052633
581,1297.6359338061466,0.17105263157894735
582,1300.4334121355396,0.16447368421052633
583,1300.4334121355396,0.1578947368421053
584,1303.230890464933,0.1578947368421053
585,1303.230890464933,0.15131578947368418
586,1306.028368794326,0.15131578947368418
587,1306.028368794326,0.14473684210526316
588,1308.8258471237195,0.13157894736842102
589,1308.8258471237195,0.125
590,1308.8258471237195,0.14473684210526316
591,1308.8258471237195,0.13815789473684215
592,1311.6233254531126,0.11842105263157898
593,1311.6233254531126,0.125
594,1314.420803782506,0.11184210526315785
595,1317.218282111899,0.11184210526315785
596,1320.0157604412925,0.11184210526315785
597,1322.8132387706855,0.11184210526315785
598,1325.610717100079,0.11184210526315785
599,1325.610717100079,0.10526315789473684
600,1328.408195429472,0.10526315789473684
601,1331.205673758865,0.10526315789473684
602,1334.0031520882585,0.10526315789473684
603,1336.8006304176515,0.10526315789473684
604,1339.598108747045,0.10526315789473684
605,1342.395587076438,0.10526315789473684
606,1345.1930654058315,0.10526315789473684
607,1347.9905437352245,0.10526315789473684
608,1347.9905437352245,0.11184210526315785
609,1350.788022064618,0.11184210526315785
610,1353.585500394011,0.11184210526315785
611,1356.3829787234044,0.11184210526315785
612,1359.1804570527975,0.11184210526315785
613,1361.9779353821905,0.11184210526315785
614,1364.775413711584,0.11184210526315785
615,1367.572892040977,0.11842105263157898
616,1367.572892040977,0.11184210526315785
617,1370.3703703703704,0.125
618,1370.3703703703704,0.11842105263157898
619,1373.1678486997635,0.13157894736842102
620,1373.1678486997635,0.125
621,1373.1678486997635,0.13815789473684215
622,1375.965327029157,0.13815789473684215
623,1375.965327029157,0.14473684210526316
624,1375.965327029157,0.1578947368421053
625,1375.965327029157,0.15131578947368418
626,1378.76280535855,0.16447368421052633
627,1378.76280535855,0.1578947368421053
628,1378.76280535855,0.17105263157894735
629,1381.5602836879434,0.17105263157894735
630,1384.3577620173364,0.1578947368421053
631,1384.3577620173364,0.16447368421052633
632,1384.3577620173364,0.17105263157894735
633,1387.15524034673,0.15131578947368418
634,1387.15524034673,0.1578947368421053
635,1389.952718676123,0.15131578947368418
636,1389.952718676123,0.13815789473684215
637,1389.952718676123,0.14473684210526316
638,1392.750197005516,0.13815789473684215
639,1392.750197005516,0.13157894736842102
640,1395.5476753349094,0.11842105263157898
641,1395.5476753349094,0.125
642,1395.5476753349094,0.13157894736842102
643,1398.3451536643024,0.10526315789473684
644,1398.3451536643024,0.11842105263157898
645,1398.3451536643024,0.11184210526315785
646,1401.1426319936959,0.09868421052631582
647,1401.1426319936959,0.08552631578947367
648,1401.1426319936959,0.09210526315789469
649,1401.1426319936959,0.10526315789473684
650,1403.940110323089,0.07894736842105265
651,1403.940110323089,0.07236842105263153
652,1403.940110323089,0.08552631578947367
653,1406.7375886524824,0.07236842105263153
654,1406.7375886524824,0.05921052631578949
655,1406.7375886524824,0.06578947368421051
656,1409.5350669818754,0.05921052631578949
657,1412.3325453112689,0.05921052631578949
658,1415.1300236406619,0.05921052631578949
659,1415.1300236406619,0.06578947368421051
660,1417.9275019700553,0.06578947368421051
661,1417.9275019700553,0.07236842105263153
662,1420.7249802994484,0.07236842105263153
663,1420.7249802994484,0.09210526315789469
664,1420.7249802994484,0.08552631578947367
665,1420.7249802994484,0.10526315789473684
666,1420.7249802994484,0.07894736842105265
667,1420.7249802994484,0.09868421052631582
668,1420.7249802994484,0.11184210526315785
669,1423.5224586288418,0.125
670,1423.5224586288418,0.13157894736842102
671,1423.5224586288418,0.11184210526315785
672,1423.5224586288418,0.11842105263157898
673,1426.3199369582348,0.13157894736842102
674,1426.3199369582348,0.19736842105263153
675,1426.3199369582348,0.15131578947368418
676,1426.3199369582348,0.13815789473684215
677,1426.3199369582348,0.16447368421052633
678,1426.3199369582348,0.14473684210526316
679,1426.3199369582348,0.17105263157894735
680,1426.3199369582348,0.17763157894736847
681,1426.3199369582348,0.1907894736842105
682,1426.3199369582348,0.1842105263157895
683,1426.3199369582348,0.1578947368421053
684,1429.1174152876279,0.19736842105263153
685,1429.1174152876279,0.21052631578947367
686,1429.1174152876279,0.20394736842105265
687,1429.1174152876279,0.2171052631578947
688,1431.9148936170213,0.2171052631578947
689,1434.7123719464144,0.21052631578947367
690,1434.7123719464144,0.2171052631578947
691,1437.5098502758078,0.23026315789473684
692,1437.5098502758078,0.21052631578947367
693,1437.5098502758078,0.22368421052631582
694,1437.5098502758078,0.2171052631578947
695,1440.3073286052008,0.23026315789473684
696,1440.3073286052008,0.23684210526315785
697,1440.3073286052008,0.24342105263157898
698,1443.1048069345943,0.25
699,1443.1048069345943,0.256578947368421
700,1443.1048069345943,0.24342105263157898
701,1445.9022852639873,0.26315789473684215
702,1445.9022852639873,0.256578947368421
703,1448.6997635933808,0.26315789473684215
704,1448.6997635933808,0.256578947368421
705,1451.4972419227738,0.25
706,1451.4972419227738,0.24342105263157898
707,1451.4972419227738,0.256578947368421
708,1454.2947202521673,0.24342105263157898
709,1457.0921985815603,0.23684210526315785
710,1457.0921985815603,0.23026315789473684
711,1457.0921985815603,0.22368421052631582
712,1457.0921985815603,0.24342105263157898
713,1459.8896769109533,0.22368421052631582
714,1462.6871552403468,0.22368421052631582
715,1462.6871552403468,0.2171052631578947
716,1465.4846335697398,0.21052631578947367
717,1465.4846335697398,0.2171052631578947
718,1468.2821118991333,0.20394736842105265
719,1468.2821118991333,0.21052631578947367
720,1471.0795902285263,0.1842105263157895
721,1471.0795902285263,0.1907894736842105
722,1471.0795902285263,0.19736842105263153
723,1471.0795902285263,0.20394736842105265
724,1473.8770685579198,0.1842105263157895
725,1473.8770685579198,0.17763157894736847
726,1473.8770685579198,0.17105263157894735
727,1476.6745468873128,0.13815789473684215
728,1476.6745468873128,0.14473684210526316
729,1476.6745468873128,0.17105263157894735
730,1476.6745468873128,0.1578947368421053
731,1476.6745468873128,0.16447368421052633
732,1476.6745468873128,0.15131578947368418
733,1479.4720252167062,0.13157894736842102
734,1479.4720252167062,0.13815789473684215
735,1479.4720252167062,0.125
736,1482.2695035460993,0.125
737,1482.2695035460993,0.11842105263157898
738,1482.2695035460993,0.09868421052631582
739,1482.2695035460993,0.10526315789473684
740,1482.2695035460993,0.11184210526315785
741,1482.2695035460993,0.09210526315789469
742,1485.0669818754927,0.08552631578947367
743,1485.0669818754927,0.09210526315789469
744,1485.0669818754927,0.07894736842105265
745,1487.8644602048857,0.05921052631578949
746,1487.8644602048857,0.07236842105263153
747,1487.8644602048857,0.052631578947368474
748,1487.8644602048857,0.06578947368421051
749,1487.8644602048857,0.07894736842105265
750,1490.6619385342788,0.052631578947368474
751,1490.6619385342788,0.046052631578947345
752,1490.6619385342788,0.03947368421052633
753,1493.4594168636722,0.03947368421052633
754,1493.4594168636722,0.03289473684210531
755,1496.2568951930652,0.03289473684210531
756,1496.2568951930652,0.02631578947368418
757,1499.0543735224587,0.02631578947368418
758,1501.8518518518517,0.02631578947368418
759,1504.6493301812452,0.02631578947368418
760,1507.4468085106382,0.02631578947368418
761,1510.2442868400317,0.02631578947368418
762,1513.0417651694247,0.019736842105263164
763,1513.0417651694247,0.02631578947368418
764,1515.8392434988182,0.019736842105263164
765,1518.6367218282112,0.019736842105263164
766,1521.4342001576042,0.019736842105263164
767,1524.2316784869977,0.019736842105263164
768,1527.0291568163907,0.019736842105263164
769,1529.8266351457842,0.019736842105263164
770,1532.6241134751772,0.019736842105263164
771,1535.4215918045707,0.019736842105263164
772,1538.2190701339637,0.019736842105263164
773,1541.0165484633571,0.019736842105263164
774,1543.8140267927502,0.019736842105263164
775,1546.6115051221436,0.019736842105263164
776,1549.4089834515366,0.019736842105263164
777,1552.2064617809297,0.019736842105263164
778,1555.0039401103231,0.019736842105263164
779,1557.8014184397161,0.019736842105263164
780,1560.5988967691096,0.019736842105263164
781,1563.3963750985026,0.019736842105263164
782,1566.193853427896,0.019736842105263164
783,1568.9913317572891,0.019736842105263164
784,1571.7888100866826,0.019736842105263164
785,1574.5862884160756,0.019736842105263164
786,1577.383766745469,0.019736842105263164
787,1580.181245074862,0.019736842105263164
788,1582.978723404255,0.019736842105263164
789,1585.7762017336486,0.019736842105263164
790,1588.5736800630416,0.019736842105263164
791,1591.371158392435,0.019736842105263164
792,1594.168636721828,0.019736842105263164
793,1596.9661150512215,0.019736842105263164
794,1599.7635933806146,0.019736842105263164
795,1602.561071710008,0.019736842105263164
796,1602.561071710008,0.02631578947368418
797,1605.358550039401,0.02631578947368418
798,1608.1560283687945,0.02631578947368418
799,1610.9535066981875,0.02631578947368418
800,1613.7509850275806,0.02631578947368418
801,1613.7509850275806,0.019736842105263164
802,1616.548463356974,0.019736842105263164
803,1619.345941686367,0.019736842105263164
804,1622.1434200157605,0.019736842105263164
805,1624.9408983451535,0.019736842105263164
806,1624.9408983451535,0.02631578947368418
807,1627.738376674547,0.02631578947368418
808,1630.53585500394,0.02631578947368418
809,1633.3333333333335,0.02631578947368418
810,1636.1308116627265,0.02631578947368418
811,1638.92828999212,0.02631578947368418
812,1641.725768321513,0.02631578947368418
813,1644.523246650906,0.02631578947368418
814,1647.3207249802995,0.02631578947368418
815,1650.1182033096925,0.02631578947368418
816,1650.1182033096925,0.03289473684210531
817,1652.915681639086,0.03289473684210531
818,1655.713159968479,0.03289473684210531
819,1658.5106382978724,0.03289473684210531
820,1661.3081166272655,0.03289473684210531
821,1664.105594956659,0.03289473684210531
822,1666.903073286052,0.03289473684210531
823,1666.903073286052,0.03947368421052633
824,1669.7005516154454,0.03947368421052633
825,1672.4980299448384,0.046052631578947345
826,1672.4980299448384,0.03947368421052633
827,1675.2955082742315,0.052631578947368474
828,1675.2955082742315,0.046052631578947345
829,1678.092986603625,0.052631578947368474
830,1678.092986603625,0.05921052631578949
831,1680.890464933018,0.06578947368421051
832,1680.890464933018,0.07236842105263153
833,1680.890464933018,0.05921052631578949
834,1683.6879432624114,0.07894736842105265
835,1683.6879432624114,0.07236842105263153
836,1686.4854215918044,0.08552631578947367
837,1686.4854215918044,0.07894736842105265
838,1689.282899921198,0.08552631578947367
839,1689.282899921198,0.09210526315789469
840,1692.080378250591,0.09210526315789469
841,1692.080378250591,0.09868421052631582
842,1694.8778565799844,0.09868421052631582
843,1694.8778565799844,0.10526315789473684
844,1697.6753349093774,0.11184210526315785
845,1697.6753349093774,0.10526315789473684
846,1700.4728132387709,0.11184210526315785
847,1700.4728132387709,0.125
848,1700.4728132387709,0.13157894736842102
849,1700.4728132387709,0.11842105263157898
850,1703.2702915681639,0.14473684210526316
851,1703.2702915681639,0.13157894736842102
852,1703.2702915681639,0.13815789473684215
853,1706.0677698975574,0.1842105263157895
854,1706.0677698975574,0.19736842105263153
855,1706.0677698975574,0.1578947368421053
856,1706.0677698975574,0.1907894736842105
857,1706.0677698975574,0.16447368421052633
858,1706.0677698975574,0.17763157894736847
859,1706.0677698975574,0.15131578947368418
860,1706.0677698975574,0.14473684210526316
861,1706.0677698975574,0.17105263157894735
862,1708.8652482269504,0.2171052631578947
863,1708.8652482269504,0.21052631578947367
864,1708.8652482269504,0.20394736842105265
865,1708.8652482269504,0.23684210526315785
866,1708.8652482269504,0.22368421052631582
867,1708.8652482269504,0.19736842105263153
868,1708.8652482269504,0.23026315789473684
869,1711.6627265563434,0.23684210526315785
870,1711.6627265563434,0.3223684210526315
871,1711.6627265563434,0.3421052631578947
872,1711.6627265563434,0.3486842105263158
873,1711.6627265563434,0.24342105263157898
874,1711.6627265563434,0.35526315789473684
875,1711.6627265563434,0.3355263157894737
876,1711.6627265563434,0.29605263157894735
877,1711.6627265563434,0.3157894736842105
878,1711.6627265563434,0.25
879,1711.6627265563434,0.381578947368421
880,1711.6627265563434,0.26315789473684215
881,1711.6627265563434,0.36184210526315785
882,1711.6627265563434,0.32894736842105265
883,1711.6627265563434,0.3092105263157895
884,1711.6627265563434,0.256578947368421
885,1711.6627265563434,0.2828947368421053
886,1711.6627265563434,0.368421052631579
887,1711.6627265563434,0.2894736842105263
888,1711.6627265563434,0.2763157894736842
889,1711.6627265563434,0.3026315789473685
890,1711.6627265563434,0.26973684210526316
891,1711.6627265563434,0.375
892,1714.4602048857369,0.4276315789473685
893,1714.4602048857369,0.4144736842105263
894,1714.4602048857369,0.4078947368421053
895,1714.4602048857369,0.4013157894736842
896,1714.4602048857369,0.42105263157894735
897,1714.4602048857369,0.4605263157894737
898,1714.4602048857369,0.4671052631578947
899,1714.4602048857369,0.38815789473684215
900,1714.4602048857369,0.4473684210526315
901,1714.4602048857369,0.45394736842105265
902,1714.4602048857369,0.39473684210526316
903,1714.4602048857369,0.4736842105263158
904,1714.4602048857369,0.48026315789473684
905,1714.4602048857369,0.381578947368421
906,1714.4602048857369,0.48684210526315785
907,1714.4602048857369,0.4342105263157895
908,1714.4602048857369,0.4407894736842105
909,1717.2576832151299,0.6710526315789473
910,1717.2576832151299,0.6776315789473684
911,1717.2576832151299,0.6842105263157895
912,1717.2576832151299,0.6907894736842105
913,1717.2576832151299,0.6973684210526316
914,1717.2576832151299,0.5394736842105263
915,1717.2576832151299,0.5
916,1717.2576832151299,0.6644736842105263
917,1717.2576832151299,0.5263157894736843
918,1717.2576832151299,0.5197368421052632
919,1717.2576832151299,0.513157894736842
920,1717.2576832151299,0.506578947368421
921,1717.2576832151299,0.7039473684210527
922,1717.2576832151299,0.6578947368421053
923,1717.2576832151299,0.493421052631579
924,1717.2576832151299,0.6447368421052632
925,1717.2576832151299,0.5526315789473684
926,1717.2576832151299,0.5592105263157895
927,1717.2576832151299,0.5657894736842105
928,1717.2576832151299,0.5723684210526316
929,1717.2576832151299,0.5789473684210527
930,1717.2576832151299,0.5855263157894737
931,1717.2576832151299,0.5921052631578947
932,1717.2576832151299,0.6513157894736843
933,1717.2576832151299,0.5986842105263157
934,1717.2576832151299,0.611842105263158
935,1717.2576832151299,0.618421052631579
936,1717.2576832151299,0.5328947368421053
937,1717.2576832151299,0.48684210526315785
938,1717.2576832151299,0.631578947368421
939,1717.2576832151299,0.638157894736842
940,1717.2576832151299,0.5460526315789473
941,1717.2576832151299,0.6052631578947368
942,1717.2576832151299,0.625
943,1720.0551615445233,0.7894736842105263
944,1720.0551615445233,0.7236842105263157
945,1720.0551615445233,0.7171052631578947
946,1720.0551615445233,0.7302631578947368
947,1720.0551615445233,0.736842105263158
948,1720.0551615445233,0.743421052631579
949,1720.0551615445233,0.75
950,1720.0551615445233,0.756578947368421
951,1720.0551615445233,0.7631578947368421
952,1720.0551615445233,0.7697368421052632
953,1720.0551615445233,0.7763157894736842
954,1720.0551615445233,0.7828947368421053
955,1720.0551615445233,0.7960526315789473
956,1720.0551615445233,0.8026315789473684
957,1720.0551615445233,0.8092105263157895
958,1720.0551615445233,0.7105263157894737
959,1720.0551615445233,0.7039473684210527
960,1722.8526398739164,0.8092105263157895
961,1722.8526398739164,0.8157894736842105
962,1722.8526398739164,0.8223684210526316
963,1722.8526398739164,0.8289473684210527
964,1722.8526398739164,0.8355263157894737
965,1722.8526398739164,0.8486842105263158
966,1722.8526398739164,0.8421052631578947
967,1722.8526398739164,0.881578947368421
968,1722.8526398739164,0.875
969,1722.8526398739164,0.868421052631579
970,1722.8526398739164,0.8881578947368421
971,1722.8526398739164,0.8618421052631579
972,1722.8526398739164,0.8552631578947368
973,1725.6501182033098,0.9013157894736842
974,1725.6501182033098,0.9078947368421053
975,1725.6501182033098,0.9276315789473684
976,1725.6501182033098,0.9342105263157895
977,1725.6501182033098,0.9407894736842105
978,1725.6501182033098,0.9473684210526316
979,1725.6501182033098,0.9539473684210527
980,1725.6501182033098,0.9605263157894737
981,1725.6501182033098,0.9144736842105263
982,1725.6501182033098,0.8947368421052632
983,1725.6501182033098,0.8881578947368421
984,1725.6501182033098,0.9210526315789473
985,1725.6501182033098,0.9671052631578947
986,1725.6501182033098,0.9736842105263158
987,1728.4475965327028,0.9868421052631579
988,1728.4475965327028,0.9802631578947368
989,1728.4475965327028,0.9736842105263158
990,1731.2450748620963,1.0
991,1731.2450748620963,0.993421052631579
992,1731.2450748620963,0.9868421052631579
993,1731.2450748620963,0.9802631578947368
994,1731.2450748620963,0.9736842105263158
995,1731.2450748620963,0.9671052631578947
996,1734.0425531914893,0.9407894736842105
997,1734.0425531914893,0.9342105263157895
998,1734.0425531914893,0.9473684210526316
999,1734.0425531914893,0.9539473684210527
1000,1734.0425531914893,0.9605263157894737
1001,1734.0425531914893,0.9276315789473684
1002,1734.0425531914893,0.9671052631578947
1003,1736.8400315208828,0.8421052631578947
1004,1736.8400315208828,0.8289473684210527
1005,1736.8400315208828,0.8223684210526316
1006,1736.8400315208828,0.8157894736842105
1007,1736.8400315208828,0.8552631578947368
1008,1736.8400315208828,0.8092105263157895
1009,1736.8400315208828,0.8355263157894737
1010,1736.8400315208828,0.8026315789473684
1011,1736.8400315208828,0.7894736842105263
1012,1736.8400315208828,0.7828947368421053
1013,1736.8400315208828,0.8618421052631579
1014,1736.8400315208828,0.7763157894736842
1015,1736.8400315208828,0.7697368421052632
1016,1736.8400315208828,0.7631578947368421
1017,1736.8400315208828,0.7960526315789473
1018,1736.8400315208828,0.868421052631579
1019,1736.8400315208828,0.8486842105263158
1020,1736.8400315208828,0.881578947368421
1021,1736.8400315208828,0.9210526315789473
1022,1736.8400315208828,0.9144736842105263
1023,1736.8400315208828,0.9078947368421053
1024,1736.8400315208828,0.9276315789473684
1025,1736.8400315208828,0.9013157894736842
1026,1736.8400315208828,0.875
1027,1736.8400315208828,0.8947368421052632
1028,1736.8400315208828,0.8881578947368421
1029,1739.6375098502758,0.75
1030,1739.6375098502758,0.7105263157894737
1031,1739.6375098502758,0.736842105263158
1032,1739.6375098502758,0.6973684210526316
1033,1739.6375098502758,0.756578947368421
1034,1739.6375098502758,0.7302631578947368
1035,1739.6375098502758,0.638157894736842
1036,1739.6375098502758,0.7631578947368421
1037,1739.6375098502758,0.6447368421052632
1038,1739.6375098502758,0.743421052631579
1039,1739.6375098502758,0.7039473684210527
1040,1739.6375098502758,0.6907894736842105
1041,1739.6375098502758,0.6842105263157895
1042,1739.6375098502758,0.6644736842105263
1043,1739.6375098502758,0.7171052631578947
1044,1739.6375098502758,0.6710526315789473
1045,1739.6375098502758,0.6513157894736843
1046,1739.6375098502758,0.7236842105263157
1047,1739.6375098502758,0.6578947368421053
1048,1739.6375098502758,0.6776315789473684
1049,1742.4349881796688,0.5592105263157895
1050,1742.4349881796688,0.5723684210526316
1051,1742.4349881796688,0.5855263157894737
1052,1742.4349881796688,0.5526315789473684
1053,1742.4349881796688,0.4013157894736842
1054,1742.4349881796688,0.6052631578947368
1055,1742.4349881796688,0.5460526315789473
1056,1742.4349881796688,0.5986842105263157
1057,1742.4349881796688,0.5657894736842105
1058,1742.4349881796688,0.5789473684210527
1059,1742.4349881796688,0.5921052631578947
1060,1742.4349881796688,0.5328947368421053
1061,1742.4349881796688,0.39473684210526316
1062,1742.4349881796688,0.38815789473684215
1063,1742.4349881796688,0.4144736842105263
1064,1742.4349881796688,0.42105263157894735
1065,1742.4349881796688,0.4276315789473685
1066,1742.4349881796688,0.4342105263157895
1067,1742.4349881796688,0.4407894736842105
1068,1742.4349881796688,0.4473684210526315
1069,1742.4349881796688,0.45394736842105265
1070,1742.4349881796688,0.4605263157894737
1071,1742.4349881796688,0.4671052631578947
1072,1742.4349881796688,0.4736842105263158
1073,1742.4349881796688,0.48026315789473684
1074,1742.4349881796688,0.48684210526315785
1075,1742.4349881796688,0.611842105263158
1076,1742.4349881796688,0.493421052631579
1077,1742.4349881796688,0.5
1078,1742.4349881796688,0.506578947368421
1079,1742.4349881796688,0.513157894736842
1080,1742.4349881796688,0.5197368421052632
1081,1742.4349881796688,0.5263157894736843
1082,1742.4349881796688,0.5394736842105263
1083,1742.4349881796688,0.618421052631579
1084,1742.4349881796688,0.4078947368421053
1085,1742.4349881796688,0.631578947368421
1086,1742.4349881796688,0.638157894736842
1087,1742.4349881796688,0.625
1088,1745.2324665090623,0.3026315789473685
1089,1745.2324665090623,0.3092105263157895
1090,1745.2324665090623,0.3157894736842105
1091,1745.2324665090623,0.29605263157894735
1092,1745.2324665090623,0.3223684210526315
1093,1745.2324665090623,0.2894736842105263
1094,1745.2324665090623,0.32894736842105265
1095,1745.2324665090623,0.3421052631578947
1096,1745.2324665090623,0.3486842105263158
1097,1745.2324665090623,0.35526315789473684
1098,1745.2324665090623,0.36184210526315785
1099,1745.2324665090623,0.368421052631579
1100,1745.2324665090623,0.3355263157894737
1101,1745.2324665090623,0.375
1102,1745.2324665090623,0.381578947368421
1103,1745.2324665090623,0.38815789473684215
1104,1748.0299448384553,0.2894736842105263
1105,1748.0299448384553,0.256578947368421
1106,1748.0299448384553,0.25
1107,1748.0299448384553,0.21052631578947367
1108,1748.0299448384553,0.24342105263157898
1109,1748.0299448384553,0.23684210526315785
1110,1748.0299448384553,0.23026315789473684
1111,1748.0299448384553,0.22368421052631582
1112,1748.0299448384553,0.17763157894736847
1113,1748.0299448384553,0.17105263157894735
1114,1748.0299448384553,0.20394736842105265
1115,1748.0299448384553,0.1842105263157895
1116,1748.0299448384553,0.19736842105263153
1117,1748.0299448384553,0.26315789473684215
1118,1748.0299448384553,0.16447368421052633
1119,1748.0299448384553,0.1907894736842105
1120,1748.0299448384553,0.2828947368421053
1121,1748.0299448384553,0.2171052631578947
1122,1748.0299448384553,0.1578947368421053
1123,1748.0299448384553,0.2763157894736842
1124,1748.0299448384553,0.26973684210526316
1125,1750.8274231678488,0.13815789473684215
1126,1750.8274231678488,0.1578947368421053
1127,1750.8274231678488,0.14473684210526316
1128,1750.8274231678488,0.13157894736842102
1129,1750.8274231678488,0.125
1130,1750.8274231678488,0.15131578947368418
1131,1753.6249014972418,0.125
1132,1753.6249014972418,0.10526315789473684
1133,1753.6249014972418,0.11184210526315785
1134,1753.6249014972418,0.11842105263157898
1135,1753.6249014972418,0.09868421052631582
1136,1756.4223798266353,0.09210526315789469
1137,1756.4223798266353,0.08552631578947367
1138,1756.4223798266353,0.09868421052631582
1139,1756.4223798266353,0.07894736842105265
1140,1756.4223798266353,0.06578947368421051
1141,1756.4223798266353,0.07236842105263153
1142,1759.2198581560283,0.05921052631578949
1143,1759.2198581560283,0.06578947368421051
1144,1762.0173364854218,0.05921052631578949
1145,1762.0173364854218,0.052631578947368474
1146,1764.8148148148148,0.052631578947368474
1147,1764.8148148148148,0.046052631578947345
1148,1767.6122931442083,0.03947368421052633
1149,1767.6122931442083,0.046052631578947345
1150,1770.4097714736013,0.03947368421052633
1151,1773.2072498029943,0.03947368421052633
1152,1773.2072498029943,0.03289473684210531
1153,1776.0047281323878,0.03289473684210531
1154,1778.8022064617808,0.03289473684210531
1155,1781.5996847911742,0.03289473684210531
1156,1784.3971631205673,0.03289473684210531
1157,1787.1946414499607,0.02631578947368418
1158,1787.1946414499607,0.03289473684210531
1159,1789.9921197793537,0.02631578947368418
1160,1792.7895981087472,0.02631578947368418
1161,1795.5870764381402,0.02631578947368418
1162,1798.3845547675337,0.02631578947368418
1163,1801.1820330969267,0.02631578947368418
1164,1803.9795114263197,0.02631578947368418
1165,1806.7769897557132,0.019736842105263164
1166,1806.7769897557132,0.02631578947368418
1167,1809.5744680851062,0.019736842105263164
1168,1812.3719464144997,0.019736842105263164
1169,1815.1694247438927,0.019736842105263164
1170,1817.9669030732862,0.019736842105263164
1171,1820.7643814026792,0.019736842105263164
1172,1823.5618597320727,0.019736842105263164
1173,1826.3593380614657,0.019736842105263164
1174,1829.1568163908591,0.019736842105263164
1175,1831.9542947202522,0.019736842105263164
1176,1834.7517730496452,0.019736842105263164
1177,1837.5492513790387,0.019736842105263164
1178,1840.3467297084317,0.019736842105263164
1179,1843.1442080378251,0.019736842105263164
1180,1845.9416863672182,0.019736842105263164
1181,1848.7391646966116,0.019736842105263164
1182,1851.5366430260046,0.019736842105263164
1183,1854.334121355398,0.019736842105263164
1184,1857.1315996847911,0.019736842105263164
1185,1859.9290780141846,0.019736842105263164
1186,1862.7265563435776,0.013157894736842146
1187,1862.7265563435776,0.019736842105263164
1188,1865.5240346729706,0.013157894736842146
1189,1865.5240346729706,0.019736842105263164
1190,1868.321513002364,0.019736842105263164
1191,1871.1189913317571,0.019736842105263164
1192,1873.9164696611506,0.019736842105263164
1193,1876.7139479905436,0.019736842105263164
1194,1879.511426319937,0.019736842105263164
1195,1882.30890464933,0.019736842105263164
1196,1885.1063829787236,0.019736842105263164
1197,1887.9038613081166,0.019736842105263164
1198,1890.70133963751,0.019736842105263164
1199,1893.498817966903,0.019736842105263164
1200,1896.296296296296,0.019736842105263164
1201,1899.0937746256895,0.019736842105263164
1202,1901.8912529550826,0.019736842105263164
1203,1904.688731284476,0.019736842105263164
1204,1907.486209613869,0.019736842105263164
1205,1910.2836879432625,0.019736842105263164
1206,1913.0811662726555,0.019736842105263164
1207,1915.878644602049,0.019736842105263164
1208,1918.676122931442,0.019736842105263164
1209,1921.4736012608355,0.019736842105263164
1210,1924.2710795902285,0.019736842105263164
1211,1927.0685579196215,0.019736842105263164
1212,1929.866036249015,0.019736842105263164
1213,1932.663514578408,0.019736842105263164
1214,1935.4609929078015,0.019736842105263164
1215,1938.2584712371945,0.019736842105263164
1216,1941.055949566588,0.02631578947368418
1217,1941.055949566588,0.019736842105263164
1218,1943.853427895981,0.02631578947368418
1219,1946.6509062253745,0.02631578947368418
1220,1949.4483845547675,0.02631578947368418
1221,1952.2458628841607,0.02631578947368418
1222,1955.043341213554,0.02631578947368418
1223,1957.8408195429472,0.02631578947368418
1224,1960.6382978723404,0.02631578947368418
1225,1963.4357762017337,0.02631578947368418
1226,1966.233254531127,0.02631578947368418
1227,1969.0307328605202,0.02631578947368418
1228,1971.8282111899134,0.02631578947368418
1229,1974.6256895193064,0.02631578947368418
1230,1977.4231678486997,0.02631578947368418
1231,1980.220646178093,0.02631578947368418
1232,1983.0181245074862,0.02631578947368418
1233,1985.8156028368794,0.02631578947368418
1234,1988.6130811662727,0.02631578947368418
1235,1991.410559495666,0.02631578947368418
1236,1994.2080378250591,0.02631578947368418
1237,1997.0055161544524,0.02631578947368418
1238,1999.8029944838456,0.02631578947368418
1239,2002.6004728132389,0.02631578947368418
1240,2005.3979511426319,0.02631578947368418
1241,2008.1954294720251,0.02631578947368418
1242,2010.9929078014184,0.02631578947368418
1243,2013.7903861308116,0.02631578947368418
1244,2016.5878644602049,0.02631578947368418
1245,2019.385342789598,0.02631578947368418
1246,2022.1828211189913,0.02631578947368418
1247,2024.9802994483846,0.02631578947368418
1248,2027.7777777777778,0.02631578947368418
1249,2030.575256107171,0.02631578947368418
1250,2033.3727344365643,0.02631578947368418
1251,2036.1702127659576,0.02631578947368418
1252,2038.9676910953506,0.02631578947368418
1253,2041.7651694247438,0.02631578947368418
1254,2044.562647754137,0.02631578947368418
1255,2047.3601260835303,0.02631578947368418
1256,2050.1576044129233,0.02631578947368418
1257,2052.955082742317,0.02631578947368418
1258,2055.7525610717103,0.02631578947368418
1259,2058.5500394011033,0.02631578947368418
1260,2061.3475177304963,0.02631578947368418
1261,2064.1449960598898,0.02631578947368418
1262,2066.9424743892832,0.02631578947368418
1263,2069.7399527186762,0.02631578947368418
1264,2072.5374310480693,0.02631578947368418
1265,2075.3349093774623,0.02631578947368418
1266,2078.1323877068558,0.02631578947368418
1267,2080.929866036249,0.02631578947368418
1268,2083.7273443656422,0.02631578947368418
1269,2086.5248226950353,0.02631578947368418
1270,2089.3223010244287,0.02631578947368418
1271,2092.119779353822,0.02631578947368418
1272,2094.917257683215,0.02631578947368418
1273,2097.7147360126082,0.02631578947368418
1274,2100.5122143420012,0.02631578947368418
1275,2103.3096926713947,0.02631578947368418
1276,2106.107171000788,0.02631578947368418
1277,2108.904649330181,0.02631578947368418
1278,2111.702127659574,0.02631578947368418
1279,2114.4996059889677,0.02631578947368418
1280,2117.297084318361,0.02631578947368418
1281,2120.094562647754,0.02631578947368418
1282,2122.892040977147,0.02631578947368418
1283,2125.6895193065407,0.02631578947368418
1284,2128.486997635934,0.02631578947368418
1285,2131.284475965327,0.02631578947368418
1286,2134.08195429472,0.02631578947368418
1287,2136.879432624113,0.02631578947368418
1288,2139.6769109535066,0.02631578947368418
1289,2142.4743892829,0.02631578947368418
1290,2145.271867612293,0.02631578947368418
1291,2148.069345941686,0.02631578947368418
1292,2150.8668242710796,0.02631578947368418
1293,2153.664302600473,0.02631578947368418
1294,2156.461780929866,0.02631578947368418
1295,2159.259259259259,0.02631578947368418
1296,2162.0567375886526,0.02631578947368418
1297,2164.8542159180456,0.02631578947368418
1298,2167.651694247439,0.02631578947368418
1299,2170.449172576832,0.02631578947368418
1300,2173.246650906225,0.02631578947368418
1301,2176.0441292356186,0.02631578947368418
1302,2178.841607565012,0.02631578947368418
1303,2181.639085894405,0.02631578947368418
1304,2184.436564223798,0.02631578947368418
1305,2187.2340425531916,0.02631578947368418
1306,2190.031520882585,0.02631578947368418
1307,2192.828999211978,0.02631578947368418
1308,2195.626477541371,0.02631578947368418
1309,2198.423955870764,0.02631578947368418
1310,2201.2214342001575,0.019736842105263164
1311,2201.2214342001575,0.02631578947368418
1312,2204.018912529551,0.019736842105263164
1313,2206.816390858944,0.019736842105263164
1314,2209.613869188337,0.019736842105263164
1315,2209.613869188337,0.02631578947368418
1316,2212.4113475177305,0.02631578947368418
1317,2215.208825847124,0.02631578947368418
1318,2218.006304176517,0.02631578947368418
1319,2220.80378250591,0.02631578947368418
1320,2223.6012608353035,0.02631578947368418
1321,2226.3987391646965,0.02631578947368418
1322,2229.19621749409,0.02631578947368418
1323,2231.993695823483,0.02631578947368418
1324,2234.791174152876,0.02631578947368418
1325,2237.5886524822695,0.02631578947368418
1326,2240.386130811663,0.02631578947368418
1327,2243.183609141056,0.02631578947368418
1328,2245.981087470449,0.02631578947368418
1329,2248.7785657998425,0.02631578947368418
1330,2251.576044129236,0.02631578947368418
1331,2254.373522458629,0.02631578947368418
1332,2257.171000788022,0.02631578947368418
1333,2259.968479117415,0.02631578947368418
1334,2262.7659574468084,0.02631578947368418
1335,2265.563435776202,0.02631578947368418
1336,2268.360914105595,0.02631578947368418
1337,2271.158392434988,0.02631578947368418
1338,2273.9558707643814,0.02631578947368418
1339,2276.753349093775,0.02631578947368418
1340,2279.550827423168,0.02631578947368418
1341,2282.348305752561,0.02631578947368418
1342,2285.1457840819544,0.02631578947368418
1343,2287.9432624113474,0.02631578947368418
1344,2290.740740740741,0.02631578947368418
1345,2293.538219070134,0.02631578947368418
1346,2296.335697399527,0.02631578947368418
1347,2299.1331757289204,0.02631578947368418
1348,2301.930654058314,0.02631578947368418
1349,2304.728132387707,0.02631578947368418
1350,2307.5256107171,0.02631578947368418
1351,2310.3230890464934,0.02631578947368418
1352,2313.120567375887,0.02631578947368418
1353,2315.91804570528,0.02631578947368418
1354,2318.715524034673,0.02631578947368418
1355,2321.513002364066,0.02631578947368418
1356,2324.3104806934593,0.02631578947368418
1357,2327.107959022853,0.02631578947368418
1358,2329.905437352246,0.02631578947368418
1359,2332.702915681639,0.02631578947368418
1360,2335.5003940110323,0.02631578947368418
1361,2338.297872340426,0.02631578947368418
1362,2341.095350669819,0.02631578947368418
1363,2343.892828999212,0.02631578947368418
1364,2346.6903073286053,0.02631578947368418
1365,2349.4877856579988,0.02631578947368418
1366,2352.2852639873918,0.02631578947368418
1367,2355.082742316785,0.02631578947368418
1368,2357.880220646178,0.02631578947368418
1369,2360.6776989755713,0.02631578947368418
1370,2363.4751773049647,0.02631578947368418
1371,2366.2726556343578,0.02631578947368418
1372,2369.070133963751,0.02631578947368418
1373,2371.8676122931442,0.02631578947368418
1374,2374.6650906225377,0.02631578947368418
1375,2377.4625689519307,0.02631578947368418
1376,2380.2600472813238,0.02631578947368418
1377,2383.0575256107168,0.02631578947368418
1378,2385.8550039401102,0.02631578947368418
1379,2388.6524822695037,0.02631578947368418
1380,2391.4499605988967,0.02631578947368418
1381,2394.2474389282897,0.02631578947368418
1382,2397.044917257683,0.02631578947368418
1383,2399.8423955870767,0.02631578947368418
1384,2402.6398739164697,0.02631578947368418
1385,2405.4373522458627,0.02631578947368418
1386,2408.234830575256,0.02631578947368418
1387,2411.0323089046497,0.02631578947368418
1388,2413.8297872340427,0.02631578947368418
1389,2416.6272655634357,0.02631578947368418
1390,2419.4247438928287,0.02631578947368418
1391,2422.222222222222,0.02631578947368418
1392,2425.0197005516156,0.02631578947368418
1393,2427.8171788810087,0.02631578947368418
1394,2430.6146572104017,0.02631578947368418
1395,2433.412135539795,0.02631578947368418
1396,2436.2096138691886,0.02631578947368418
1397,2439.0070921985816,0.02631578947368418
1398,2441.8045705279746,0.02631578947368418
1399,2444.602048857368,0.02631578947368418
1400,2447.399527186761,0.02631578947368418
1401,2450.1970055161546,0.02631578947368418
1402,2452.9944838455476,0.02631578947368418
1403,2455.7919621749406,0.02631578947368418
1404,2458.589440504334,0.02631578947368418
1405,2461.3869188337276,0.02631578947368418
1406,2464.1843971631206,0.02631578947368418
1407,2466.9818754925136,0.02631578947368418
1408,2469.779353821907,0.02631578947368418
1409,2472.5768321513006,0.02631578947368418
1410,2475.3743104806936,0.02631578947368418
1411,2478.1717888100866,0.02631578947368418
1412,2480.9692671394796,0.02631578947368418
1413,2483.766745468873,0.02631578947368418
1414,2486.5642237982665,0.019736842105263164
1415,2486.5642237982665,0.02631578947368418
1416,2489.3617021276596,0.019736842105263164
1417,2492.1591804570526,0.019736842105263164
1418,2494.956658786446,0.019736842105263164
1419,2497.7541371158395,0.019736842105263164
1420,2500.5516154452325,0.019736842105263164
1421,2503.3490937746255,0.02631578947368418
1422,2503.3490937746255,0.019736842105263164
1423,2506.146572104019,0.02631578947368418
1424,2508.944050433412,0.02631578947368418
1425,2511.7415287628055,0.02631578947368418
1426,2514.5390070921985,0.02631578947368418
1427,2517.3364854215915,0.02631578947368418
1428,2517.3364854215915,0.019736842105263164
1429,2520.133963750985,0.02631578947368418
1430,2520.133963750985,0.019736842105263164
1431,2522.9314420803785,0.02631578947368418
1432,2525.7289204097715,0.02631578947368418
1433,2528.5263987391645,0.02631578947368418
1434,2531.323877068558,0.02631578947368418
1435,2534.1213553979514,0.02631578947368418
1436,2536.9188337273445,0.02631578947368418
1437,2539.7163120567375,0.02631578947368418
1438,2542.5137903861305,0.02631578947368418
1439,2545.311268715524,0.02631578947368418
1440,2548.1087470449174,0.02631578947368418
1441,2550.9062253743105,0.02631578947368418
1442,2553.7037037037035,0.02631578947368418
1443,2556.501182033097,0.02631578947368418
1444,2559.2986603624904,0.02631578947368418
1445,2562.0961386918834,0.02631578947368418
1446,2564.8936170212764,0.02631578947368418
1447,2567.69109535067,0.02631578947368418
1448,2570.4885736800634,0.02631578947368418
1449,2573.2860520094564,0.02631578947368418
1450,2576.0835303388494,0.02631578947368418
1451,2578.8810086682424,0.02631578947368418
1452,2581.678486997636,0.02631578947368418
1453,2584.4759653270294,0.02631578947368418
1454,2587.2734436564224,0.02631578947368418
1455,2590.0709219858154,0.02631578947368418
1456,2592.868400315209,0.02631578947368418
1457,2595.6658786446023,0.02631578947368418
1458,2598.4633569739954,0.02631578947368418
1459,2601.2608353033884,0.02631578947368418
1460,2604.0583136327814,0.02631578947368418
1461,2606.855791962175,0.02631578947368418
1462,2609.6532702915683,0.02631578947368418
1463,2612.4507486209613,0.02631578947368418
1464,2615.2482269503544,0.02631578947368418
1465,2618.045705279748,0.02631578947368418
1466,2620.8431836091413,0.02631578947368418
1467,2623.6406619385343,0.02631578947368418
1468,2626.4381402679273,0.02631578947368418
1469,2629.235618597321,0.02631578947368418
1470,2632.0330969267143,0.02631578947368418
1471,2634.8305752561073,0.02631578947368418
1472,2637.6280535855003,0.02631578947368418
1473,2640.4255319148933,0.02631578947368418
1474,2643.223010244287,0.02631578947368418
1475,2646.0204885736803,0.02631578947368418
1476,2648.8179669030733,0.02631578947368418
1477,2651.6154452324663,0.02631578947368418
1478,2654.4129235618598,0.02631578947368418
1479,2657.2104018912532,0.02631578947368418
1480,2660.0078802206463,0.02631578947368418
1481,2662.8053585500393,0.02631578947368418
1482,2665.6028368794323,0.02631578947368418
1483,2668.4003152088258,0.02631578947368418
1484,2671.1977935382192,0.02631578947368418
1485,2673.9952718676122,0.02631578947368418
1486,2676.7927501970053,0.02631578947368418
1487,2679.5902285263987,0.02631578947368418
1488,2682.387706855792,0.02631578947368418
1489,2685.185185185185,0.02631578947368418
1490,2687.9826635145782,0.02631578947368418
1491,2690.7801418439717,0.02631578947368418
1492,2693.577620173365,0.02631578947368418
1493,2696.375098502758,0.02631578947368418
1494,2699.172576832151,0.02631578947368418
1495,2701.970055161544,0.02631578947368418
1496,2704.7675334909377,0.02631578947368418
1497,2707.565011820331,0.02631578947368418
1498,2710.362490149724,0.02631578947368418
1499,2713.159968479117,0.02631578947368418
1500,2715.9574468085107,0.02631578947368418
1501,2718.754925137904,0.03289473684210531
1502,2718.754925137904,0.02631578947368418
1503,2721.552403467297,0.03289473684210531
1504,2724.34988179669,0.03289473684210531
1505,2727.1473601260836,0.03289473684210531
1506,2729.9448384554767,0.03289473684210531
1507,2732.74231678487,0.03289473684210531
1508,2735.539795114263,0.03289473684210531
1509,2738.337273443656,0.03289473684210531
1510,2741.1347517730496,0.03289473684210531
1511,2743.932230102443,0.03289473684210531
1512,2746.729708431836,0.03289473684210531
1513,2749.527186761229,0.03289473684210531
1514,2752.3246650906226,0.03289473684210531
1515,2755.122143420016,0.03289473684210531
1516,2757.919621749409,0.03289473684210531
1517,2760.717100078802,0.03289473684210531
1518,2763.514578408195,0.03289473684210531
1519,2766.3120567375886,0.03289473684210531
1520,2769.109535066982,0.03289473684210531
1521,2771.907013396375,0.03289473684210531
1522,2774.704491725768,0.03289473684210531
1523,2777.5019700551616,0.03289473684210531
1524,2780.299448384555,0.03289473684210531
1525,2783.096926713948,0.03289473684210531
1526,2785.894405043341,0.03289473684210531
1527,2785.894405043341,0.03947368421052633
1528,2788.6918833727345,0.03947368421052633
1529,2791.4893617021276,0.03947368421052633
1530,2794.286840031521,0.03947368421052633
1531,2797.084318360914,0.03947368421052633
1532,2799.881796690307,0.03947368421052633
1533,2802.6792750197005,0.03947368421052633
1534,2805.476753349094,0.046052631578947345
1535,2805.476753349094,0.03947368421052633
1536,2808.274231678487,0.046052631578947345
1537,2811.07171000788,0.046052631578947345
1538,2813.8691883372735,0.046052631578947345
1539,2813.8691883372735,0.052631578947368474
1540,2816.666666666667,0.052631578947368474
1541,2819.46414499606,0.052631578947368474
1542,2822.261623325453,0.05921052631578949
1543,2822.261623325453,0.052631578947368474
1544,2825.059101654846,0.06578947368421051
1545,2825.059101654846,0.05921052631578949
1546,2827.8565799842395,0.06578947368421051
1547,2827.8565799842395,0.07236842105263153
1548,2830.654058313633,0.07236842105263153
1549,2830.654058313633,0.07894736842105265
1550,2833.451536643026,0.08552631578947367
1551,2833.451536643026,0.07894736842105265
1552,2836.249014972419,0.09210526315789469
1553,2836.249014972419,0.08552631578947367
1554,2836.249014972419,0.09868421052631582
1555,2839.0464933018125,0.09868421052631582
1556,2839.0464933018125,0.10526315789473684
1557,2841.843971631206,0.10526315789473684
1558,2841.843971631206,0.11184210526315785
1559,2844.641449960599,0.11184210526315785
1560,2847.438928289992,0.11842105263157898
1561,2847.438928289992,0.11184210526315785
1562,2850.2364066193854,0.125
1563,2850.2364066193854,0.11842105263157898
1564,2853.033884948779,0.125
1565,2853.033884948779,0.13157894736842102
1566,2853.033884948779,0.13815789473684215
1567,2855.831363278172,0.15131578947368418
1568,2855.831363278172,0.14473684210526316
1569,2855.831363278172,0.13815789473684215
1570,2858.628841607565,0.17105263157894735
1571,2858.628841607565,0.1578947368421053
1572,2858.628841607565,0.15131578947368418
1573,2858.628841607565,0.17763157894736847
1574,2858.628841607565,0.16447368421052633
1575,2861.426319936958,0.17763157894736847
1576,2861.426319936958,0.1842105263157895
1577,2864.2237982663514,0.19736842105263153
1578,2864.2237982663514,0.1842105263157895
1579,2864.2237982663514,0.1907894736842105
1580,2867.021276595745,0.19736842105263153
1581,2867.021276595745,0.21052631578947367
1582,2867.021276595745,0.22368421052631582
1583,2867.021276595745,0.2171052631578947
1584,2867.021276595745,0.20394736842105265
1585,2869.818754925138,0.23026315789473684
1586,2869.818754925138,0.22368421052631582
1587,2872.616233254531,0.2171052631578947
1588,2872.616233254531,0.21052631578947367
1589,2872.616233254531,0.22368421052631582
1590,2872.616233254531,0.23026315789473684
1591,2875.4137115839244,0.21052631578947367
1592,2875.4137115839244,0.19736842105263153
1593,2875.4137115839244,0.20394736842105265
1594,2878.211189913318,0.1842105263157895
1595,2878.211189913318,0.19736842105263153
1596,2878.211189913318,0.1907894736842105
1597,2878.211189913318,0.17763157894736847
1598,2881.008668242711,0.17763157894736847
1599,2883.806146572104,0.17105263157894735
1600,2883.806146572104,0.17763157894736847
1601,2886.603624901497,0.17763157894736847
1602,2889.4011032308904,0.17763157894736847
1603,2892.198581560284,0.17763157894736847
1604,2892.198581560284,0.1907894736842105
1605,2892.198581560284,0.1842105263157895
1606,2894.996059889677,0.1907894736842105
1607,2897.79353821907,0.1907894736842105
1608,2897.79353821907,0.19736842105263153
1609,2897.79353821907,0.20394736842105265
1610,2900.5910165484634,0.20394736842105265
1611,2903.388494877857,0.2171052631578947
1612,2903.388494877857,0.20394736842105265
1613,2903.388494877857,0.21052631578947367
1614,2906.18597320725,0.2171052631578947
1615,2906.18597320725,0.22368421052631582
1616,2908.983451536643,0.23026315789473684
1617,2908.983451536643,0.22368421052631582
1618,2908.983451536643,0.23684210526315785
1619,2911.7809298660363,0.24342105263157898
1620,2911.7809298660363,0.25
1621,2911.7809298660363,0.23684210526315785
1622,2914.57840819543,0.25
1623,2914.57840819543,0.256578947368421
1624,2914.57840819543,0.26315789473684215
1625,2917.375886524823,0.26973684210526316
1626,2917.375886524823,0.26315789473684215
1627,2920.173364854216,0.2828947368421053
1628,2920.173364854216,0.26973684210526316
1629,2920.173364854216,0.2763157894736842
1630,2922.970843183609,0.3026315789473685
1631,2922.970843183609,0.29605263157894735
1632,2922.970843183609,0.2894736842105263
1633,2922.970843183609,0.2828947368421053
1634,2925.7683215130023,0.3157894736842105
1635,2925.7683215130023,0.3092105263157895
1636,2925.7683215130023,0.3026315789473685
1637,2928.565799842396,0.32894736842105265
1638,2928.565799842396,0.3223684210526315
1639,2928.565799842396,0.3157894736842105
1640,2931.363278171789,0.32894736842105265
1641,2934.160756501182,0.32894736842105265
1642,2936.9582348305753,0.3355263157894737
1643,2936.9582348305753,0.32894736842105265
1644,2939.7557131599688,0.35526315789473684
1645,2939.7557131599688,0.3486842105263158
1646,2939.7557131599688,0.3421052631578947
1647,2939.7557131599688,0.3355263157894737
1648,2939.7557131599688,0.36184210526315785
1649,2942.553191489362,0.368421052631579
1650,2942.553191489362,0.36184210526315785
1651,2942.553191489362,0.381578947368421
1652,2942.553191489362,0.375
1653,2945.350669818755,0.381578947368421
1654,2945.350669818755,0.38815789473684215
1655,2945.350669818755,0.39473684210526316
1656,2945.350669818755,0.4013157894736842
1657,2948.148148148148,0.42105263157894735
1658,2948.148148148148,0.4078947368421053
1659,2948.148148148148,0.4144736842105263
1660,2948.148148148148,0.4276315789473685
1661,2948.148148148148,0.4013157894736842
1662,2950.9456264775413,0.4276315789473685
1663,2950.9456264775413,0.4342105263157895
1664,2953.7431048069348,0.4342105263157895
1665,2953.7431048069348,0.4407894736842105
1666,2956.5405831363278,0.4276315789473685
1667,2956.5405831363278,0.4342105263157895
1668,2956.5405831363278,0.42105263157894735
1669,2959.338061465721,0.375
1670,2959.338061465721,0.381578947368421
1671,2959.338061465721,0.38815789473684215
1672,2959.338061465721,0.39473684210526316
1673,2959.338061465721,0.4013157894736842
1674,2959.338061465721,0.4078947368421053
1675,2959.338061465721,0.42105263157894735
1676,2959.338061465721,0.4144736842105263
1677,2962.1355397951143,0.368421052631579
1678,2962.1355397951143,0.375
1679,2962.1355397951143,0.36184210526315785
1680,2962.1355397951143,0.3486842105263158
1681,2962.1355397951143,0.35526315789473684
1682,2964.9330181245077,0.3223684210526315
1683,2964.9330181245077,0.3157894736842105
1684,2964.9330181245077,0.29605263157894735
1685,2964.9330181245077,0.32894736842105265
1686,2964.9330181245077,0.3092105263157895
1687,2964.9330181245077,0.3355263157894737
1688,2964.9330181245077,0.3421052631578947
1689,2964.9330181245077,0.3486842105263158
1690,2964.9330181245077,0.3026315789473685
1691,2967.7304964539007,0.2763157894736842
1692,2967.7304964539007,0.2894736842105263
1693,2967.7304964539007,0.29605263157894735
1694,2967.7304964539007,0.2828947368421053
1695,2970.5279747832938,0.24342105263157898
1696,2970.5279747832938,0.26973684210526316
1697,2970.5279747832938,0.25
1698,2970.5279747832938,0.26315789473684215
1699,2970.5279747832938,0.256578947368421
1700,2970.5279747832938,0.2763157894736842
1701,2973.3254531126872,0.24342105263157898
1702,2973.3254531126872,0.23684210526315785
1703,2973.3254531126872,0.23026315789473684
1704,2976.1229314420802,0.23026315789473684
1705,2976.1229314420802,0.22368421052631582
1706,2978.9204097714737,0.2171052631578947
1707,2978.9204097714737,0.22368421052631582
1708,2978.9204097714737,0.21052631578947367
1709,2981.7178881008667,0.20394736842105265
1710,2981.7178881008667,0.21052631578947367
1711,2984.51536643026,0.19736842105263153
1712,2984.51536643026,0.1907894736842105
1713,2984.51536643026,0.20394736842105265
1714,2987.312844759653,0.1842105263157895
1715,2987.312844759653,0.1907894736842105
1716,2990.1103230890467,0.17105263157894735
1717,2990.1103230890467,0.17763157894736847
1718,2990.1103230890467,0.1842105263157895
1719,2992.9078014184397,0.1578947368421053
1720,2992.9078014184397,0.17105263157894735
1721,2992.9078014184397,0.16447368421052633
1722,2995.7052797478327,0.15131578947368418
1723,2995.7052797478327,0.1578947368421053
1724,2995.7052797478327,0.14473684210526316
1725,2998.502758077226,0.14473684210526316
1726,2998.502758077226,0.13815789473684215
1727,3001.3002364066197,0.125
1728,3001.3002364066197,0.13157894736842102
1729,3001.3002364066197,0.13815789473684215
1730,3004.0977147360127,0.125
1731,3004.0977147360127,0.11184210526315785
1732,3004.0977147360127,0.11842105263157898
1733,3006.8951930654057,0.11184210526315785
1734,3006.8951930654057,0.10526315789473684
1735,3009.692671394799,0.09210526315789469
1736,3009.692671394799,0.10526315789473684
1737,3009.692671394799,0.09868421052631582
1738,3012.490149724192,0.09210526315789469
1739,3012.490149724192,0.08552631578947367
1740,3015.2876280535856,0.07894736842105265
1741,3015.2876280535856,0.08552631578947367
1742,3018.0851063829787,0.07894736842105265
1743,3020.8825847123717,0.07236842105263153
1744,3020.8825847123717,0.07894736842105265
1745,3023.680063041765,0.07236842105263153
1746,3023.680063041765,0.06578947368421051
1747,3026.4775413711586,0.06578947368421051
1748,3029.2750197005516,0.05921052631578949
1749,3029.2750197005516,0.06578947368421051
1750,3032.0724980299447,0.05921052631578949
1751,3034.869976359338,0.05921052631578949
1752,3034.869976359338,0.052631578947368474
1753,3037.667454688731,0.052631578947368474
1754,3040.4649330181246,0.046052631578947345
1755,3040.4649330181246,0.052631578947368474
1756,3043.2624113475176,0.046052631578947345
1757,3046.059889676911,0.046052631578947345
1758,3048.857368006304,0.046052631578947345
1759,3051.6548463356976,0.03947368421052633
1760,3051.6548463356976,0.046052631578947345
1761,3054.4523246650906,0.03947368421052633
1762,3057.2498029944836,0.03947368421052633
1763,3060.047281323877,0.03947368421052633
1764,3062.8447596532706,0.03947368421052633
1765,3065.6422379826636,0.03947368421052633
1766,3068.4397163120566,0.03947368421052633
1767,3071.23719464145,0.03947368421052633
1768,3074.034672970843,0.03947368421052633
1769,3076.8321513002365,0.03947368421052633
1770,3079.6296296296296,0.03947368421052633
1771,3082.4271079590226,0.03947368421052633
1772,3085.224586288416,0.03947368421052633
1773,3088.0220646178095,0.03947368421052633
1774,3090.8195429472025,0.03947368421052633
1775,3093.6170212765956,0.03947368421052633
1776,3096.414499605989,0.03947368421052633
1777,3096.414499605989,0.03289473684210531
1778,3099.211977935382,0.03289473684210531
1779,3102.0094562647755,0.03289473684210531
1780,3104.8069345941685,0.03289473684210531
1781,3107.604412923562,0.03289473684210531
1782,3107.604412923562,0.03947368421052633
1783,3110.401891252955,0.03947368421052633
1784,3113.1993695823485,0.03947368421052633
1785,3115.9968479117415,0.03947368421052633
1786,3118.7943262411345,0.03947368421052633
1787,3121.591804570528,0.03947368421052633
1788,3124.3892828999215,0.03947368421052633
1789,3127.1867612293145,0.03947368421052633
1790,3129.9842395587075,0.03947368421052633
1791,3132.781717888101,0.03947368421052633
1792,3135.579196217494,0.03947368421052633
1793,3138.3766745468874,0.03947368421052633
1794,3141.1741528762805,0.03947368421052633
1795,3143.9716312056735,0.03947368421052633
1796,3146.769109535067,0.03947368421052633
1797,3149.5665878644604,0.03947368421052633
1798,3152.3640661938534,0.03947368421052633
1799,3155.1615445232464,0.03947368421052633
1800,3157.95902285264,0.03947368421052633
1801,3160.756501182033,0.03947368421052633
1802,3163.5539795114264,0.03947368421052633
1803,3166.3514578408194,0.03947368421052633
1804,3169.148936170213,0.03947368421052633
1805,3171.946414499606,0.03947368421052633
1806,3174.7438928289994,0.03947368421052633
1807,3177.5413711583924,0.03947368421052633
1808,3180.3388494877854,0.03947368421052633
1809,3183.136327817179,0.03947368421052633
1810,3185.9338061465724,0.03947368421052633
1811,3188.7312844759654,0.03947368421052633
1812,3191.5287628053584,0.03947368421052633
1813,3194.326241134752,0.03947368421052633
1814,3197.123719464145,0.03947368421052633
1815,3199.9211977935383,0.03947368421052633
1816,3202.7186761229314,0.03947368421052633
1817,3205.516154452325,0.03947368421052633
1818,3208.313632781718,0.03947368421052633
1819,3211.1111111111113,0.03947368421052633
1820,3213.9085894405043,0.046052631578947345
1821,3213.9085894405043,0.03947368421052633
1822,3216.7060677698973,0.046052631578947345
1823,3219.503546099291,0.046052631578947345
1824,3222.3010244286843,0.046052631578947345
1825,3225.0985027580773,0.046052631578947345
1826,3227.8959810874703,0.046052631578947345
1827,3230.693459416864,0.046052631578947345
1828,3233.490937746257,0.046052631578947345
1829,3236.2884160756503,0.046052631578947345
1830,3239.0858944050433,0.046052631578947345
1831,3239.0858944050433,0.03947368421052633
1832,3241.8833727344363,0.03947368421052633
1833,3244.68085106383,0.046052631578947345
1834,3244.68085106383,0.03947368421052633
1835,3247.4783293932232,0.046052631578947345
1836,3250.2758077226163,0.046052631578947345
1837,3253.0732860520093,0.046052631578947345
1838,3255.8707643814028,0.046052631578947345
1839,3258.6682427107958,0.046052631578947345
1840,3261.4657210401892,0.046052631578947345
1841,3264.2631993695823,0.046052631578947345
1842,3267.0606776989757,0.046052631578947345
1843,3269.8581560283687,0.046052631578947345
1844,3272.655634357762,0.046052631578947345
1845,3275.453112687155,0.046052631578947345
1846,3278.2505910165482,0.046052631578947345
1847,3281.0480693459417,0.046052631578947345
1848,3283.845547675335,0.046052631578947345
1849,3286.643026004728,0.046052631578947345
1850,3289.440504334121,0.046052631578947345
1851,3292.2379826635147,0.046052631578947345
1852,3295.0354609929077,0.046052631578947345
1853,3297.832939322301,0.046052631578947345
1854,3300.630417651694,0.046052631578947345
1855,3303.427895981087,0.046052631578947345
1856,3306.2253743104807,0.046052631578947345
1857,3309.022852639874,0.046052631578947345
1858,3311.820330969267,0.046052631578947345
1859,3314.61780929866,0.046052631578947345
1860,3317.4152876280536,0.046052631578947345
1861,3320.2127659574467,0.046052631578947345
1862,3323.01024428684,0.046052631578947345
1863,3325.807722616233,0.046052631578947345
1864,3328.6052009456266,0.046052631578947345
1865,3331.4026792750196,0.046052631578947345
1866,3334.200157604413,0.046052631578947345
1867,3336.997635933806,0.046052631578947345
1868,3339.795114263199,0.046052631578947345
1869,3342.5925925925926,0.046052631578947345
1870,3345.390070921986,0.046052631578947345
1871,3345.390070921986,0.03947368421052633
1872,3348.187549251379,0.03947368421052633
1873,3350.985027580772,0.03947368421052633
1874,3353.7825059101656,0.03947368421052633
1875,3356.5799842395586,0.03947368421052633
1876,3359.377462568952,0.03947368421052633
1877,3362.174940898345,0.03947368421052633
1878,3364.972419227738,0.03947368421052633
1879,3367.7698975571316,0.03947368421052633
1880,3370.567375886525,0.03947368421052633
1881,3373.364854215918,0.03947368421052633
1882,3376.162332545311,0.03947368421052633
1883,3378.9598108747045,0.03947368421052633
1884,3381.7572892040976,0.03947368421052633
1885,3384.554767533491,0.03947368421052633
1886,3387.352245862884,0.03947368421052633
1887,3390.1497241922775,0.03947368421052633
1888,3392.9472025216705,0.03947368421052633
1889,3395.744680851064,0.03947368421052633
1890,3398.542159180457,0.03947368421052633
1891,3401.33963750985,0.03947368421052633
1892,3404.1371158392435,0.03947368421052633
1893,3406.934594168637,0.03947368421052633
1894,3409.73207249803,0.03947368421052633
1895,3412.529550827423,0.03947368421052633
1896,3415.3270291568165,0.03947368421052633
1897,3418.1245074862095,0.03947368421052633
1898,3420.921985815603,0.046052631578947345
1899,3420.921985815603,0.03947368421052633
1900,3423.719464144996,0.046052631578947345
1901,3426.5169424743895,0.046052631578947345
1902,3429.3144208037825,0.046052631578947345
1903,3432.111899133176,0.046052631578947345
1904,3434.909377462569,0.046052631578947345
1905,3434.909377462569,0.052631578947368474
1906,3437.706855791962,0.052631578947368474
1907,3440.5043341213554,0.046052631578947345
1908,3440.5043341213554,0.052631578947368474
1909,3443.3018124507485,0.046052631578947345
1910,3446.099290780142,0.046052631578947345
1911,3448.896769109535,0.046052631578947345
1912,3451.6942474389284,0.046052631578947345
1913,3454.4917257683214,0.046052631578947345
1914,3454.4917257683214,0.03947368421052633
1915,3457.289204097715,0.03947368421052633
1916,3460.086682427108,0.03947368421052633
1917,3462.884160756501,0.03947368421052633
1918,3465.6816390858944,0.03947368421052633
1919,3468.479117415288,0.03947368421052633
1920,3471.276595744681,0.03947368421052633
1921,3474.074074074074,0.03947368421052633
1922,3476.8715524034674,0.03947368421052633
1923,3479.6690307328604,0.03947368421052633
1924,3482.466509062254,0.03289473684210531
1925,3482.466509062254,0.03947368421052633
1926,3485.263987391647,0.03289473684210531
1927,3488.0614657210403,0.03289473684210531
1928,3490.8589440504334,0.03289473684210531
1929,3493.656422379827,0.03289473684210531
1930,3496.45390070922,0.03289473684210531
1931,3499.251379038613,0.03289473684210531
1932,3502.0488573680063,0.03289473684210531
1933,3504.8463356973994,0.03289473684210531
1934,3507.643814026793,0.03289473684210531
1935,3507.643814026793,0.03947368421052633
1936,3510.441292356186,0.03947368421052633
1937,3513.2387706855793,0.03947368421052633
1938,3516.0362490149723,0.03947368421052633
1939,3518.833727344366,0.03947368421052633
1940,3521.631205673759,0.03947368421052633
1941,3524.4286840031523,0.03947368421052633
1942,3527.2261623325453,0.03947368421052633
1943,3530.0236406619388,0.03947368421052633
1944,3532.821118991332,0.03947368421052633
1945,3532.821118991332,0.03289473684210531
1946,3535.618597320725,0.03289473684210531
1947,3538.4160756501183,0.03289473684210531
1948,3541.2135539795113,0.03289473684210531
1949,3544.0110323089048,0.03289473684210531
1950,3546.808510638298,0.03289473684210531
1951,3549.6059889676912,0.03289473684210531
1952,3552.4034672970843,0.03289473684210531
1953,3555.2009456264777,0.03289473684210531
1954,3557.9984239558707,0.03289473684210531
1955,3560.7959022852638,0.03289473684210531
1956,3563.5933806146572,0.03289473684210531
1957,3566.3908589440503,0.03289473684210531
1958,3569.1883372734437,0.03289473684210531
1959,3571.9858156028367,0.03289473684210531
1960,3574.78329393223,0.03289473684210531
1961,3577.580772261623,0.03289473684210531
1962,3580.3782505910167,0.03289473684210531
1963,3583.1757289204097,0.03289473684210531
1964,3585.973207249803,0.03289473684210531
1965,3588.770685579196,0.03289473684210531
1966,3591.5681639085897,0.03289473684210531
1967,3594.3656422379827,0.03289473684210531
1968,3597.1631205673757,0.03289473684210531
1969,3599.960598896769,0.03289473684210531
1970,3602.758077226162,0.03289473684210531
1971,3605.5555555555557,0.03289473684210531
1972,3608.3530338849487,0.03289473684210531
1973,3611.150512214342,0.03289473684210531
1974,3613.947990543735,0.03289473684210531
1975,3616.7454688731286,0.03289473684210531
1976,3619.5429472025216,0.03289473684210531
1977,3622.3404255319147,0.03289473684210531
1978,3625.137903861308,0.03289473684210531
1979,3627.935382190701,0.03289473684210531
1980,3630.7328605200946,0.03289473684210531
1981,3633.5303388494876,0.03289473684210531
1982,3636.327817178881,0.03289473684210531
1983,3639.125295508274,0.03289473684210531
1984,3641.9227738376676,0.03289473684210531
1985,3644.7202521670606,0.03289473684210531
1986,3647.517730496454,0.03289473684210531
1987,3650.315208825847,0.03289473684210531
1988,3653.1126871552406,0.03289473684210531
1989,3655.9101654846336,0.03289473684210531
1990,3658.7076438140266,0.03289473684210531
1991,3661.50512214342,0.03289473684210531
1992,3664.302600472813,0.03289473684210531
1993,3667.1000788022066,0.03289473684210531
1994,3669.8975571315996,0.03289473684210531
1995,3672.695035460993,0.03289473684210531
1996,3675.492513790386,0.03289473684210531
1997,3678.2899921197795,0.03289473684210531
1998,3681.0874704491725,0.03289473684210531
1999,3683.8849487785656,0.03289473684210531
2000,3686.682427107959,0.03289473684210531
2001,3689.4799054373525,0.03289473684210531
2002,3692.2773837667455,0.03289473684210531
2003,3695.0748620961385,0.03289473684210531
2004,3697.872340425532,0.03289473684210531
2005,3700.669818754925,0.03289473684210531
2006,3703.4672970843185,0.03289473684210531
2007,3706.2647754137115,0.03289473684210531
2008,3709.062253743105,0.03289473684210531
2009,3711.859732072498,0.03289473684210531
2010,3714.6572104018915,0.03289473684210531
2011,3717.4546887312845,0.03289473684210531
2012,3720.2521670606775,0.03289473684210531
2013,3723.049645390071,0.03289473684210531
2014,3725.847123719464,0.03289473684210531
2015,3728.6446020488575,0.03289473684210531
2016,3731.4420803782505,0.03289473684210531
2017,3734.239558707644,0.03289473684210531
2018,3737.037037037037,0.03289473684210531
2019,3739.8345153664304,0.03289473684210531
2020,3742.6319936958234,0.03289473684210531
2021,3745.429472025217,0.03289473684210531
2022,3748.22695035461,0.03289473684210531
2023,3751.024428684003,0.03289473684210531
2024,3753.8219070133964,0.03289473684210531
2025,3756.6193853427894,0.03289473684210531
2026,3759.416863672183,0.03289473684210531
2027,3762.214342001576,0.03289473684210531
2028,3765.0118203309694,0.03289473684210531
2029,3767.8092986603624,0.03289473684210531
2030,3770.606776989756,0.03289473684210531
2031,3773.404255319149,0.03289473684210531
2032,3776.2017336485424,0.03289473684210531
2033,3778.9992119779354,0.03289473684210531
2034,3781.7966903073284,0.03289473684210531
2035,3784.594168636722,0.03289473684210531
2036,3787.391646966115,0.03289473684210531
2037,3790.1891252955083,0.03289473684210531
2038,3792.9866036249014,0.03289473684210531
2039,3795.784081954295,0.03289473684210531
2040,3798.581560283688,0.03289473684210531
2041,3801.3790386130813,0.03289473684210531
2042,3804.1765169424743,0.03289473684210531
2043,3806.973995271868,0.03289473684210531
2044,3809.771473601261,0.02631578947368418
2045,3809.771473601261,0.03289473684210531
2046,3812.5689519306543,0.02631578947368418
2047,3815.3664302600473,0.02631578947368418
2048,3815.3664302600473,0.03289473684210531
2049,3818.1639085894403,0.03289473684210531
2050,3820.961386918834,0.03289473684210531
2051,3823.758865248227,0.03289473684210531
2052,3826.5563435776203,0.03289473684210531
2053,3829.3538219070133,0.03289473684210531
2054,3832.1513002364068,0.03289473684210531
2055,3834.9487785658,0.03289473684210531
2056,3837.7462568951933,0.03289473684210531
2057,3840.5437352245863,0.03289473684210531
2058,3843.3412135539793,0.03289473684210531
2059,3843.3412135539793,0.02631578947368418
2060,3846.1386918833728,0.02631578947368418
2061,3848.936170212766,0.02631578947368418
2062,3851.7336485421592,0.02631578947368418
2063,3854.5311268715523,0.02631578947368418
2064,3857.3286052009457,0.02631578947368418
2065,3860.1260835303387,0.02631578947368418
2066,3862.923561859732,0.02631578947368418
2067,3865.7210401891252,0.02631578947368418
2068,3868.5185185185187,0.02631578947368418
2069,3871.3159968479117,0.02631578947368418
2070,3874.113475177305,0.02631578947368418
2071,3876.910953506698,0.03289473684210531
2072,3876.910953506698,0.02631578947368418
2073,3879.708431836091,0.03289473684210531
2074,3882.5059101654847,0.03289473684210531
2075,3885.3033884948777,0.03289473684210531
2076,3888.100866824271,0.02631578947368418
2077,3888.100866824271,0.03289473684210531
2078,3890.898345153664,0.02631578947368418
2079,3893.6958234830577,0.02631578947368418
2080,3896.4933018124507,0.02631578947368418
2081,3899.290780141844,0.02631578947368418
2082,3902.088258471237,0.02631578947368418
2083,3904.88573680063,0.02631578947368418
2084,3907.6832151300237,0.02631578947368418
2085,3910.4806934594167,0.02631578947368418
2086,3913.27817178881,0.02631578947368418
2087,3916.075650118203,0.02631578947368418
2088,3918.8731284475966,0.02631578947368418
2089,3921.6706067769896,0.02631578947368418
2090,3924.468085106383,0.02631578947368418
2091,3927.265563435776,0.02631578947368418
2092,3930.0630417651696,0.02631578947368418
2093,3932.8605200945626,0.02631578947368418
2094,3935.657998423956,0.02631578947368418
2095,3938.455476753349,0.02631578947368418
2096,3941.252955082742,0.02631578947368418
2097,3944.0504334121356,0.02631578947368418
2098,3946.8479117415286,0.02631578947368418
2099,3949.645390070922,0.02631578947368418
2100,3952.442868400315,0.02631578947368418
2101,3955.2403467297086,0.02631578947368418
2102,3958.0378250591016,0.02631578947368418
2103,3960.835303388495,0.02631578947368418
2104,3963.632781717888,0.02631578947368418
2105,3966.4302600472815,0.02631578947368418
2106,3969.2277383766746,0.02631578947368418
2107,3972.0252167060676,0.02631578947368418
2108,3974.822695035461,0.02631578947368418
2109,3977.620173364854,0.02631578947368418
2110,3980.4176516942475,0.02631578947368418
2111,3983.2151300236405,0.02631578947368418
2112,3986.012608353034,0.02631578947368418
2113,3988.810086682427,0.02631578947368418
2114,3991.6075650118205,0.02631578947368418
